0.0 2 100.0
1.0 0 100.0
2.0 0 100.0
3.0 2 100.0
4.0 24 100.0
5.0 28 100.0
6.0 21 100.0
7.0 22 100.0 
8.0 25 100.0 
9.0 13 100.0 
10.0 19 100.0 
11.0 13 100.0 
12.0 17 100.0
13.0 14 100.0 
14.0 11 100.0 
15.0 16 100.0 
16.0 16 100.0
17.0 21 100.0
18.0 18 100.0
19.0 26 100.0
20.0 13 100.0
21.0 14 100.0
22.0 4 100.0
23.0 1 100.0
0.0 2 1000.0
1.0 0 1000.0
2.0 0 1000.0
3.0 2 1000.0
4.0 24 1000.0
5.0 28 1000.0
6.0 21 1000.0
7.0 22 1000.0 
8.0 25 1000.0 
9.0 13 1000.0 
10.0 19 1000.0 
11.0 13 1000.0 
12.0 17 1000.0
13.0 14 1000.0 
14.0 11 1000.0 
15.0 16 1000.0 
16.0 16 1000.0
17.0 21 1000.0
18.0 18 1000.0
19.0 26 1000.0
20.0 13 1000.0
21.0 14 1000.0
22.0 4 1000.0
23.0 1 1000.0



truck enter time and number info
arr,ML,location of entering


id Snum[24] Lnum[24] location; 
RestArea[0] location cannot be 0!!, can be 0.1

