0 0.1
1 50.0
2 100.0
3 150.0
4 200.0
5 250.0 
6 300.0 
7 350.0 
8 400.0 
9 450.0 
10 500.0 
11 550.0 
12 600.0 
13 650.0 
14 700.0 
15 750.0 
16 800.0 
17 850.0
18 900.0
19 950.0
20 1000.0
21 1050.0
22 1100.0
23 1150.0
24 1200.0
25 1250.0
26 1300.0
27 1350.0
28 1400.0
29 1450.0
30 1500.0
31 1550.0
32 1600.0
33 1650.0
34 1700.0
35 1750.0
36 1800.0
37 1850.0
38 1900.0
39 1950.0

19 900.0 0 0 0 0 0 0 0 0 0 0 0 0 0 0 0 0 0 0 0 0 0 0 0 0 1 0 0 0 0 0 0 0 0 0 0 0 0 0 0 0 0 0 0 0 0 0 0 0
id locat 1 2 3 4 5 6 7 8 9 1 1 2 3 4 5 6 7 8 9 2 1 2 3 4 L 2 3 4 5 6 7 8 9 1 1 2 3 4 5 6 7 8 9 2 1 2 3 4

only location info



id Snum[24] Lnum[24] location; 
RestArea[0] location cannot be 0!!, can be 0.1

