0 0 225
1 0 225
2 0 225
3 19 225
4 0 225
5 0 225
6 0 225
7 0 225
8 28 225
9 77 225
10 0 225
11 0 225
12 39 225
13 27 225
14 0 225
15 30 225
16 0 225
17 0 225
18 73 225
19 61 225
20 0 225
21 7 225
22 71 225
23 0 225
24 0 180
25 0 225
26 0 225
27 0 225
28 19 225
29 0 225
30 0 225
31 0 225
32 0 225
33 28 225
34 77 225
35 0 225
36 0 225
37 39 225
38 27 225
39 0 225
40 30 225
41 0 225
42 0 225
43 73 225
44 61 225
45 0 225
46 7 225
47 71 225
0 0 225
1 0 245
2 0 245
3 35 245
4 0 245
5 0 245
6 0 245
7 0 245
8 43 245
9 9 245
10 0 245
11 0 245
12 31 245
13 0 245
14 0 245
15 86 245
16 0 245
17 0 245
18 11 245
19 44 245
20 0 245
21 0 245
22 0 245
23 0 245
24 0 225
25 0 245
26 0 245
27 35 245
28 0 245
29 0 245
30 0 245
31 0 245
32 43 245
33 9 245
34 0 245
35 0 245
36 31 245
37 0 245
38 0 245
39 86 245
40 0 245
41 0 245
42 11 245
43 44 245
44 0 245
45 0 245
46 0 245
47 0 245
0 0 285
1 0 285
2 1 285
3 37 285
4 0 285
5 0 285
6 24 285
7 6 285
8 59 285
9 11 285
10 0 285
11 26 285
12 104 285
13 0 285
14 0 285
15 80 285
16 0 285
17 74 285
18 55 285
19 0 285
20 0 285
21 11 285
22 77 285
23 26 285
24 0 285
25 0 285
26 1 285
27 37 285
28 0 285
29 0 285
30 24 285
31 6 285
32 59 285
33 11 285
34 0 285
35 26 285
36 104 285
37 0 285
38 0 285
39 80 285
40 0 285
41 74 285
42 55 285
43 0 285
44 0 285
45 11 285
46 77 285
47 26 285
0 0 315
1 0 315
2 0 315
3 45 315
4 0 315
5 0 315
6 116 315
7 0 315
8 0 315
9 73 315
10 0 315
11 51 315
12 84 315
13 0 315
14 99 315
15 77 315
16 75 315
17 37 315
18 0 315
19 0 315
20 0 315
21 0 315
22 81 315
23 64 315
24 0 315
25 0 315
26 0 315
27 45 315
28 0 315
29 0 315
30 116 315
31 0 315
32 0 315
33 73 315
34 0 315
35 51 315
36 84 315
37 0 315
38 99 315
39 77 315
40 75 315
41 37 315
42 0 315
43 0 315
44 0 315
45 0 315
46 81 315
47 64 315
0 0 350
1 0 350
2 28 350
3 6 350
4 0 350
5 0 350
6 0 350
7 11 350
8 0 350
9 11 350
10 72 350
11 25 350
12 70 350
13 0 350
14 0 350
15 64 350
16 0 350
17 0 350
18 0 350
19 0 350
20 0 350
21 20 350
22 178 350
23 11 350
24 0 350
25 0 350
26 28 350
27 6 350
28 0 350
29 0 350
30 0 350
31 11 350
32 0 350
33 11 350
34 72 350
35 25 350
36 70 350
37 0 350
38 0 350
39 64 350
40 0 350
41 0 350
42 0 350
43 0 350
44 0 350
45 20 350
46 178 350
47 11 350
0 0 380
1 0 380
2 39 380
3 0 380
4 0 380
5 0 380
6 0 380
7 0 380
8 107 380
9 0 380
10 0 380
11 0 380
12 0 380
13 0 380
14 21 380
15 0 380
16 51 380
17 0 380
18 94 380
19 23 380
20 47 380
21 0 380
22 3 380
23 21 380
24 0 380
25 0 380
26 39 380
27 0 380
28 0 380
29 0 380
30 0 380
31 0 380
32 107 380
33 0 380
34 0 380
35 0 380
36 0 380
37 0 380
38 21 380
39 0 380
40 51 380
41 0 380
42 94 380
43 23 380
44 47 380
45 0 380
46 3 380
47 21 380
0 0 410
1 0 410
2 28 410
3 0 410
4 0 410
5 11 410
6 0 410
7 16 410
8 0 410
9 0 410
10 25 410
11 0 410
12 77 410
13 9 410
14 17 410
15 0 410
16 75 410
17 0 410
18 0 410
19 0 410
20 0 410
21 0 410
22 31 410
23 50 410
24 0 410
25 0 410
26 28 410
27 0 410
28 0 410
29 11 410
30 0 410
31 16 410
32 0 410
33 0 410
34 25 410
35 0 410
36 77 410
37 9 410
38 17 410
39 0 410
40 75 410
41 0 410
42 0 410
43 0 410
44 0 410
45 0 410
46 31 410
47 50 410
