0 0 225
1 9 225
2 15 225
3 0 225
4 13 225
5 7 225
6 60 225
7 27 225
8 0 225
9 0 225
10 30 225
11 16 225
12 0 225
13 0 225
14 143 225
15 0 225
16 29 225
17 152 225
18 0 225
19 0 225
20 18 225
21 0 225
22 0 225
23 1 225
24 0 225
25 9 225
26 15 225
27 0 225
28 13 225
29 7 225
30 60 225
31 27 225
32 0 225
33 0 225
34 30 225
35 16 225
36 0 225
37 0 225
38 143 225
39 0 225
40 29 225
41 152 225
42 0 225
43 0 225
44 18 225
45 0 225
46 0 225
47 1 225
0 0 245
1 21 245
2 7 245
3 0 245
4 9 245
5 19 245
6 17 245
7 10 245
8 0 245
9 0 245
10 123 245
11 11 245
12 0 245
13 104 245
14 45 245
15 0 245
16 13 245
17 64 245
18 0 245
19 0 245
20 102 245
21 84 245
22 33 245
23 4 245
24 0 245
25 21 245
26 7 245
27 0 245
28 9 245
29 19 245
30 17 245
31 10 245
32 0 245
33 0 245
34 123 245
35 11 245
36 0 245
37 104 245
38 45 245
39 0 245
40 13 245
41 64 245
42 0 245
43 0 245
44 102 245
45 84 245
46 33 245
47 4 245
0 0 285
1 27 285
2 0 285
3 0 285
4 19 285
5 174 285
6 0 285
7 0 285
8 0 285
9 0 285
10 115 285
11 0 285
12 0 285
13 127 285
14 44 285
15 0 285
16 16 285
17 0 285
18 0 285
19 6 285
20 95 285
21 0 285
22 0 285
23 0 285
24 0 285
25 27 285
26 0 285
27 0 285
28 19 285
29 174 285
30 0 285
31 0 285
32 0 285
33 0 285
34 115 285
35 0 285
36 0 285
37 127 285
38 44 285
39 0 285
40 16 285
41 0 285
42 0 285
43 6 285
44 95 285
45 0 285
46 0 285
47 0 285
0 0 315
1 21 315
2 22 315
3 0 315
4 5 315
5 1 315
6 0 315
7 58 315
8 37 315
9 0 315
10 178 315
11 0 315
12 0 315
13 42 315
14 0 315
15 0 315
16 0 315
17 0 315
18 1 315
19 20 315
20 108 315
21 61 315
22 0 315
23 0 315
24 0 315
25 21 315
26 22 315
27 0 315
28 5 315
29 1 315
30 0 315
31 58 315
32 37 315
33 0 315
34 178 315
35 0 315
36 0 315
37 42 315
38 0 315
39 0 315
40 0 315
41 0 315
42 1 315
43 20 315
44 108 315
45 61 315
46 0 315
47 0 315
0 0 350
1 24 350
2 0 350
3 0 350
4 13 350
5 14 350
6 46 350
7 0 350
8 4 350
9 0 350
10 0 350
11 0 350
12 0 350
13 39 350
14 122 350
15 0 350
16 11 350
17 2 350
18 52 350
19 80 350
20 15 350
21 0 350
22 0 350
23 0 350
24 0 350
25 24 350
26 0 350
27 0 350
28 13 350
29 14 350
30 46 350
31 0 350
32 4 350
33 0 350
34 0 350
35 0 350
36 0 350
37 39 350
38 122 350
39 0 350
40 11 350
41 2 350
42 52 350
43 80 350
44 15 350
45 0 350
46 0 350
47 0 350
0 0 380
1 35 380
2 0 380
3 7 380
4 7 380
5 5 380
6 84 380
7 20 380
8 0 380
9 26 380
10 54 380
11 66 380
12 28 380
13 46 380
14 0 380
15 37 380
16 0 380
17 51 380
18 0 380
19 0 380
20 0 380
21 24 380
22 0 380
23 0 380
24 0 380
25 35 380
26 0 380
27 7 380
28 7 380
29 5 380
30 84 380
31 20 380
32 0 380
33 26 380
34 54 380
35 66 380
36 28 380
37 46 380
38 0 380
39 37 380
40 0 380
41 51 380
42 0 380
43 0 380
44 0 380
45 24 380
46 0 380
47 0 380
0 0 410
1 22 410
2 0 410
3 11 410
4 2 410
5 0 410
6 19 410
7 0 410
8 18 410
9 62 410
10 0 410
11 60 410
12 0 410
13 0 410
14 0 410
15 49 410
16 0 410
17 113 410
18 24 410
19 12 410
20 35 410
21 52 410
22 0 410
23 0 410
24 0 410
25 22 410
26 0 410
27 11 410
28 2 410
29 0 410
30 19 410
31 0 410
32 18 410
33 62 410
34 0 410
35 60 410
36 0 410
37 0 410
38 0 410
39 49 410
40 0 410
41 113 410
42 24 410
43 12 410
44 35 410
45 52 410
46 0 410
47 0 410
